# energy [MeV] vs. diff. cs per electron [Mbarn / MeV]
2.05925e-06  0
2.18127e-06  0
2.31052e-06  0
2.44743e-06  0
2.59245e-06  0
2.74606e-06  0
2.90877e-06  0
3.08113e-06  0
3.2637e-06  0
3.45708e-06  0
3.66193e-06  0
3.87891e-06  0
4.10875e-06  0
4.35221e-06  0
4.61009e-06  0
4.88326e-06  0
5.17261e-06  0
5.47911e-06  0
5.80377e-06  0
6.14766e-06  0
6.51193e-06  0
6.89779e-06  0
7.30651e-06  0
7.73945e-06  0
8.19804e-06  0
8.6838e-06  0
9.19835e-06  0
9.74338e-06  0
1.03207e-05  34.9057
1.09323e-05  346.476
1.158e-05  376.905
1.22662e-05  407.626
1.2993e-05  447.168
1.37629e-05  491.55
1.45784e-05  534.183
1.54422e-05  1863.14
1.63572e-05  5015.78
1.73265e-05  4732.91
1.83531e-05  4451.78
1.94406e-05  4079.66
2.05925e-05  3709.2
2.18127e-05  3376.95
2.31052e-05  3042.16
2.44743e-05  2732.66
2.59245e-05  2425.99
2.74606e-05  2122.96
2.90877e-05  1813.11
3.08113e-05  1502.34
3.2637e-05  1194.95
3.45708e-05  931.159
3.66193e-05  688.411
3.87891e-05  433.613
4.10875e-05  260.439
4.35221e-05  176.238
4.61009e-05  137.141
4.88326e-05  116.629
5.17261e-05  101.983
5.47911e-05  91.1726
5.80377e-05  83.0723
6.14766e-05  76.7578
6.51193e-05  71.1524
6.89779e-05  65.2524
7.30651e-05  59.7596
7.73945e-05  54.3442
8.19804e-05  49.1445
8.6838e-05  44.1184
9.19835e-05  39.6565
9.74338e-05  35.5908
0.000103207  31.595
0.000109323  28.007
0.0001158  24.8466
0.000122662  21.7943
0.00012993  18.9413
0.000137629  16.4836
0.000145784  14.4433
0.000154422  12.681
0.000163572  11.1395
0.000173265  9.78473
0.000183531  8.5486
0.000194406  7.42408
0.000205925  6.38624
0.000218127  5.51165
0.000231052  4.78044
0.000244743  9.37332
0.000259245  22.1312
0.000274606  18.2193
0.000290877  16.4756
0.000308113  14.4396
0.00032637  12.8231
0.000345708  11.1497
0.000366193  9.28418
0.000387891  7.7889
0.000410875  6.53574
0.000435221  5.50541
0.000461009  4.6779
0.000488326  3.98039
0.000517261  3.38996
0.000547911  2.87734
0.000580377  2.42922
0.000614766  2.05339
0.000651193  1.73445
0.000689779  1.46721
0.000730651  1.245
0.000773945  1.05457
0.000819804  0.891987
0.00086838  0.755931
0.000919835  0.64265
0.000974338  0.547191
0.00103207  0.466902
0.00109323  0.399034
0.001158  0.341803
0.00122662  0.293498
0.0012993  0.252482
0.00137629  0.217659
0.00145784  0.188092
0.00154422  0.163061
0.00163572  0.14173
0.00173265  0.123417
0.00183531  0.107628
0.00194406  0.0940147
0.00205925  0.0822566
0.00218127  0.0720607
0.00231052  0.0632093
0.00244743  0.0555134
0.00259245  0.04881
0.00274606  0.0429619
0.00290877  0.0378522
0.00308113  0.0333816
0.0032637  0.0456289
0.00345708  0.0426457
0.00366193  0.036624
0.00387891  0.0314987
0.00410875  0.0271342
0.00435221  0.0234148
0.00461009  0.0202413
0.00488326  0.0175288
0.00517261  0.0152086
0.00547911  0.01322
0.00580377  0.0115124
0.00614766  0.0100423
0.00651193  0.00877515
0.00689779  0.00768006
0.00730651  0.00673192
0.00773945  0.0059094
0.00819804  0.00519439
0.0086838  0.0045716
0.00919835  0.00402823
0.00974338  0.00355324
0.0103207  0.00313741
0.0109323  0.00277273
0.01158  0.00245252
0.0122662  0.00217089
0.012993  0.00192292
0.0137629  0.00170435
0.0145784  0.00151146
0.0154422  0.00134107
0.0163572  0.00119044
0.0173265  0.00105715
0.0183531  0.000939131
0.0194406  0.000834554
0.0205925  0.000741837
0.0218127  0.000659594
0.0231052  0.000586606
0.0244743  0.000521801
0.0259245  0.00046424
0.0274606  0.000413095
0.0290877  0.000367635
0.0308113  0.000327239
0.032637  0.000291329
0.0345708  0.000259377
0.0366193  0.000230941
0.0387891  0.000205633
0.0410875  0.000183104
0.0435221  0.000163049
0.0461009  0.000145193
0.0488326  0.000129295
0.0517261  0.000115139
0.0547911  0.000102533
0.0580377  9.13067e-05
0.0614766  8.13091e-05
0.0651193  7.24053e-05
0.0689779  6.44754e-05
0.0730651  5.74127e-05
0.0773945  5.11223e-05
0.0819804  4.55196e-05
0.086838  4.05296e-05
0.0919835  3.60851e-05
0.0974338  3.21265e-05
0.103207  2.86008e-05
0.109323  2.54606e-05
0.1158  2.26639e-05
0.122662  2.01731e-05
0.12993  1.79547e-05
0.137629  1.59792e-05
0.145784  1.42198e-05
0.154422  1.26531e-05
0.163572  1.1258e-05
0.173265  1.00157e-05
0.183531  8.90955e-06
0.194406  7.92467e-06
